<?xml version="1.0" encoding="utf-8"?>
<opencv_storage>
  <Camera_Matrix type_id="opencv-matrix">
    <rows>3</rows>
    <cols>3</cols>
    <dt>d</dt>
    <data>
      1832.8000000000 0.0000000000000 0.0000000000000
      0.0000000000000 1838.0000000000 0.0000000000000
      273.08640000000 300.68910000000 1.0000000000000
    </data>
  </Camera_Matrix>
  <Distortion_Coefficients type_id="opencv-matrix">
    <rows>5</rows>
    <cols>1</cols>
    <dt>d</dt>
    <data>-0.4686 5.4354 0.000 0.0000
    </data>
  </Distortion_Coefficients>
</opencv_storage>